103,37,1,0,0
103,38,2,0,0
103,39,3,0,0
103,40,4,0,0
103,41,5,0,0
103,16,6,0,0
103,17,7,0,0
103,18,8,0,0
103,19,9,0,0
103,20,10,0,0
103,21,11,0,0
103,42,12,0,0
103,43,13,0,0
103,44,14,0,0
103,45,15,0,0
103,100045,16,0,0
103,200045,17,0,0
103,300045,18,0,0
103,400045,19,0,0
103,500045,20,0,0
103,600045,21,0,0
103,46,22,0,0
103,47,23,0,0
103,48,24,0,0
103,49,25,0,0
103,50,26,0,0
103,51,27,0,0
103,52,28,0,0
103,53,29,0,0
103,54,30,0,0
103,55,31,0,0
103,56,32,1,1
104,1,1,0,0
104,2,2,0,0
104,3,3,0,0
104,4,4,0,0
104,5,5,0,0
104,6,6,0,0
104,7,7,0,0
104,8,8,0,0
104,9,9,0,0
104,10,10,0,0
104,11,11,0,0
104,100045,12,0,0
104,200045,13,0,0
104,300045,14,0,0
104,400045,15,0,0
104,500045,16,0,0
104,600045,17,0,0
104,12,18,0,0
104,13,19,0,0
104,14,20,0,0
104,15,21,0,0
104,16,22,0,0
104,17,23,0,0
104,18,24,0,0
104,19,25,0,0
104,20,26,0,0
104,21,27,0,0
104,22,28,0,0
104,23,29,0,0
104,24,30,0,0
104,25,31,0,0
104,37,32,1,1
201,63,1,0,0
201,64,2,0,0
201,65,3,0,0
201,66,4,0,0
201,67,5,0,0
201,68,6,0,0
201,69,7,0,0
201,70,8,0,0
201,71,9,0,0
201,72,10,0,0
201,73,11,0,0
201,74,12,0,0
201,75,13,0,0
201,76,14,0,0
201,77,15,0,0
201,78,16,0,0
201,24,17,0,0
201,25,18,0,0
201,79,19,0,0
201,80,20,0,0
201,81,21,0,0
201,82,22,0,0
201,83,23,0,0
201,84,24,0,0
201,85,25,0,0
201,86,26,0,0
201,87,27,1,1
202,87,1,0,0
202,88,2,0,0
202,89,3,0,0
202,90,4,0,0
202,91,5,0,0
202,92,6,0,0
202,93,7,0,0
202,94,8,0,0
202,95,9,0,0
202,96,10,0,0
202,38,11,0,0
202,39,12,0,0
202,97,13,0,0
202,98,14,0,0
202,99,15,0,0
202,100,16,0,0
202,101,17,0,0
202,102,18,0,0
202,103,19,0,0
202,104,20,0,0
202,105,21,0,0
202,106,22,0,0
202,107,23,0,0
202,108,24,0,0
202,109,25,0,0
202,110,26,0,0
202,111,27,0,0
202,112,28,1,1
1000003,33,1,0,0
1000003,34,2,0,0
1000003,35,3,0,0
1000003,36,4,0,0
1000003,38,5,0,0
1000003,39,6,0,0
1000003,40,7,0,0
1000003,41,8,0,0
1000003,16,9,0,0
1000003,17,10,0,0
1000003,18,11,0,0
1000003,19,12,0,0
1000003,20,13,0,0
1000003,21,14,0,0
1000003,42,15,0,0
1000003,43,16,0,0
1000003,44,17,0,0
1000003,45,18,0,0
1000003,100045,19,0,0
1000003,200045,20,0,0
1000003,300045,21,0,0
1000003,400045,22,0,0
1000003,500045,23,0,0
1000003,600045,24,0,0
1000003,46,25,0,0
1000003,47,26,0,0
1000003,48,27,0,0
1000003,49,28,0,0
1000003,50,29,0,0
1000003,51,30,0,0
1000003,52,31,0,0
1000003,53,32,0,0
1000003,54,33,0,0
1000003,55,34,0,0
1000003,56,35,1,1
1000004,1,1,0,0
1000004,2,2,0,0
1000004,3,3,0,0
1000004,4,4,0,0
1000004,5,5,0,0
1000004,6,6,0,0
1000004,7,7,0,0
1000004,8,8,0,0
1000004,9,9,0,0
1000004,10,10,0,0
1000004,11,11,0,0
1000004,100045,12,0,0
1000004,200045,13,0,0
1000004,300045,14,0,0
1000004,400045,15,0,0
1000004,500045,16,0,0
1000004,600045,17,0,0
1000004,12,18,0,0
1000004,13,19,0,0
1000004,14,20,0,0
1000004,15,21,0,0
1000004,16,22,0,0
1000004,17,23,0,0
1000004,18,24,0,0
1000004,19,25,0,0
1000004,20,26,0,0
1000004,21,27,0,0
1000004,22,28,0,0
1000004,23,29,0,0
1000004,24,30,0,0
1000004,25,31,0,0
1000004,27,32,0,0
1000004,28,33,0,0
1000004,29,34,0,0
1000004,30,35,0,0
1000004,31,36,0,0
1000004,32,37,0,0
1000004,33,38,1,1
2000001,57,1,0,0
2000001,58,2,0,0
2000001,59,3,0,0
2000001,60,4,0,0
2000001,100060,5,0,0
2000001,61,6,0,0
2000001,100061,7,0,0
2000001,62,8,0,0
2000001,63,9,0,0
2000001,64,10,0,0
2000001,65,11,0,0
2000001,66,12,0,0
2000001,67,13,0,0
2000001,68,14,0,0
2000001,69,15,0,0
2000001,70,16,0,0
2000001,71,17,0,0
2000001,72,18,0,0
2000001,73,19,0,0
2000001,74,20,0,0
2000001,75,21,0,0
2000001,76,22,0,0
2000001,77,23,0,0
2000001,78,24,0,0
2000001,24,25,0,0
2000001,25,26,0,0
2000001,79,27,0,0
2000001,80,28,0,0
2000001,81,29,0,0
2000001,82,30,0,0
2000001,83,31,0,0
2000001,84,32,0,0
2000001,85,33,0,0
2000001,86,34,0,0
2000001,87,35,1,1
2000002,87,1,0,0
2000002,88,2,0,0
2000002,89,3,0,0
2000002,90,4,0,0
2000002,91,5,0,0
2000002,92,6,0,0
2000002,93,7,0,0
2000002,94,8,0,0
2000002,95,9,0,0
2000002,96,10,0,0
2000002,38,11,0,0
2000002,39,12,0,0
2000002,97,13,0,0
2000002,98,14,0,0
2000002,99,15,0,0
2000002,100,16,0,0
2000002,101,17,0,0
2000002,102,18,0,0
2000002,103,19,0,0
2000002,104,20,0,0
2000002,105,21,0,0
2000002,106,22,0,0
2000002,107,23,0,0
2000002,108,24,0,0
2000002,109,25,0,0
2000002,110,26,0,0
2000002,111,27,0,0
2000002,112,28,0,0
2000002,57,29,0,0
2000002,58,30,0,0
2000002,59,31,0,0
2000002,60,32,0,0
2000002,100060,33,0,0
2000002,61,34,0,0
2000002,100061,35,0,0
2000002,62,36,1,1
