1,103,'lmmjv',22,23,24,25,26,27,28,29,30,31,32
1,103,'mjv',33,34
1,103,'sd',35,36,37,38,39,40,41,42
1,104,'lmmjv',1,2,3,4,5,6,7,8,9,10,11
1,104,'mjv',12,13
1,104,'sd',14,15,16,17,18,19,20,21
2,201,'lmmjv',43,44,45,46,47,48,49,50,51,52,53,54,55,56
2,201,'sd',57,58,59,60,61,62,63,64,65,66,67
2,202,'lmmjv',68,69,70,71,72,73,74,75,76,77
2,202,'sd',78,79,80,81,82,83,84,85,86,87,88
10000,1000003,'lmmjv',94,95,96,97,98
10000,1000004,'lmmjv',89,90,91,92,93
20000,2000001,'lmmjv',99,100,101,102,103
20000,2000002,'lmmjv',104,105,106,107,108,109,110,111
